000000
000000
000000
000001
000002
000003
000004
000005
000006
000007
000008
000009
000010
000011
000012
000013
000014
000015
000016
000017
000018
000019
000020
000021
000022
000023
000024
000025
000026
000027
000028
000029
000030
000031
000032
000033
000034
000035
000036
000037
000038
000039
000040
000041
000042
000043
000044
000045
000046
000047
000048
000049
000050
000051
000052
000053
000054
000055
000056
000057
000058
000059
000060
000061
000062
000063
000064
000065
000066
000067
000068
000069
000070
000071
000072
000073
000074
000075
000076
000077
000078
000079
000080
000081
000082
000083
000084
000085
000086
000087
000088
000089
000090
000091
000092
000093
000094
000095
000096
000097
000098
000099
000100
000100
000101
000102
000103
000104
000105
000106
000107
000108
000109
000110
000111
000112
000113
000114
000115
000116
000117
000118
000119
000120
000121
000122
000123
000124
000125
000126
000127
000128
000129
000130
000131
000132
000133
000134
000135
000136
000137
000138
000139
000140
000141
000142
000143
000144
000145
000146
000147
000148
000149
000150
000151
000152
000153
000154
000155
000156
000157
000158
000159
000160
000161
000162
000163
000164
000165
000166
000167
000168
000169
000170
000171
000172
000173
000174
000175
000176
000177
000178
000179
000180
000181
000182
000183
000184
000185
000186
000187
000188
000189
000190
000191
000192
000193
000194
000195
000196
000197
000198
000199
000200
000200
000201
000202
000203
000204
000205
000206
000207
000208
000209
000210
000211
000212
000213
000214
000215
000216
000217
000218
000219
000220
000221
000222
000223
000224
000225
000226
000227
000228
000229
000230
000231
000232
000233
000234
000235
000236
000237
000238
000239
000240
000241
000242
000243
000244
000245
000246
000247
000248
000249
000250
000251
000252
000253
000254
000255
000256
000257
000258
000259
000260
000261
000262
000263
000264
000265
000266
000267
000268
000269
000270
000271
000272
000273
000274
000275
000276
000277
000278
000279
000280
000281
000282
000283
000284
000285
000286
000287
000288
000289
000290
000291
000292
000293
000294
000295
000296
000297
000298
000299
000300
000300
000301
000302
000303
000304
000305
000306
000307
000308
000309
000310
000311
000312
000313
000314
000315
000316
000317
000318
000319
000320
000321
000322
000323
000324
000325
000326
000327
000328
000329
000330
000331
000332
000333
000334
000335
000336
000337
000338
000339
000340
000341
000342
000343
000344
000345
000346
000347
000348
000349
000350
000351
000352
000353
000354
000355
000356
000357
000358
000359
000360
000361
000362
000363
000364
000365
000366
000367
000368
000369
000370
000371
000372
000373
000374
000375
000376
000377
000378
000379
000380
000381
000382
000383
000384
000385
000386
000387
000388
000389
000390
000391
000392
000393
000394
000395
000396
000397
000398
000399
000400
000400
000401
000402
000403
000404
000405
000406
000407
000408
000409
000410
000411
000412
000413
000414
000415
000416
000417
000418
000419
000420
000421
000422
000423
000424
000425
000426
000427
000428
000429
000430
000431
000432
000433
000434
000435
000436
000437
000438
000439
000440
000441
000442
000443
000444
000445
000446
000447
000448
000449
000450
000451
000452
000453
000454
000455
000456
000457
000458
000459
000460
000461
000462
000463
000464
000465
000466
000467
000468
000469
000470
000471
000472
000473
000474
000475
000476
000477
000478
000479
000480
000481
000482
000483
000484
000485
000486
000487
000488
000489
000490
000491
000492
000493
000494
000495
000496
000497
000498
000499
000500
000500
000501
000502
000503
000504
000505
000506
000507
000508
000509
000510
000511
000512
000513
000514
000515
000516
000517
000518
000519
000520
000521
000522
000523
000524
000525
000526
000527
000528
000529
000530
000531
000532
000533
000534
000535
000536
000537
000538
000539
000540
000541
000542
000543
000544
000545
000546
000547
000548
000549
000550
000551
000552
000553
000554
000555
000556
000557
000558
000559
000560
000561
000562
000563
000564
000565
000566
000567
000568
000569
000570
000571
000572
000573
000574
000575
000576
000577
000578
000579
000580
000581
000582
000583
000584
000585
000586
000587
000588
000589
000590
000591
000592
000593
000594
000595
000596
000597
000598
000599
000600
000600
000601
000602
000603
000604
000605
000606
000607
000608
000609
000610
000611
000612
000613
000614
000615
000616
000617
000618
000619
000620
000621
000622
000623
000624
000625
000626
000627
000628
000629
000630
000631
000632
000633
000634
000635
000636
000637
000638
000639
000640
000641
000642
000643
000644
000645
000646
000647
000648
000649
000650
000651
000652
000653
000654
000655
000656
000657
000658
000659
000660
000661
000662
000663
000664
000665
000666
000667
000668
000669
000670
000671
000672
000673
000674
000675
000676
000677
000678
000679
000680
000681
000682
000683
000684
000685
000686
000687
000688
000689
000690
000691
000692
000693
000694
000695
000696
000697
000698
000699
000700
000700
000701
000702
000703
000704
000705
000706
000707
000708
000709
000710
000711
000712
000713
000714
000715
000716
000717
000718
000719
000720
000721
000722
000723
000724
000725
000726
000727
000728
000729
000730
000731
000732
000733
000734
000735
000736
000737
000738
000739
000740
000741
000742
000743
000744
000745
000746
000747
000748
000749
000750
000751
000752
000753
000754
000755
000756
000757
000758
000759
000760
000761
000762
000763
000764
000765
000766
000767
000768
000769
000770
000771
000772
000773
000774
000775
000776
000777
000778
000779
000780
000781
000782
000783
000784
000785
000786
000787
000788
000789
000790
000791
000792
000793
000794
000795
000796
000797
000798
000799
000800
000800
000801
000802
000803
000804
000805
000806
000807
000808
000809
000810
000811
000812
000813
000814
000815
000816
000817
000818
000819
000820
000821
000822
000823
000824
000825
000826
000827
000828
000829
000830
000831
000832
000833
000834
000835
000836
000837
000838
000839
000840
000841
000842
000843
000844
000845
000846
000847
000848
000849
000850
000851
000852
000853
000854
000855
000856
000857
000858
000859
000860
000861
000862
000863
000864
000865
000866
000867
000868
000869
000870
000871
000872
000873
000874
000875
000876
000877
000878
000879
000880
000881
000882
000883
000884
000885
000886
000887
000888
000889
000890
000891
000892
000893
000894
000895
000896
000897
000898
000899
000900
000900
000901
000902
000903
000904
000905
000906
000907
000908
000909
000910
000911
000912
000913
000914
000915
000916
000917
000918
000919
000920
000921
000922
000923
000924
000925
000926
000927
000928
000929
000930
000931
000932
000933
000934
000935
000936
000937
000938
000939
000940
000941
000942
000943
000944
000945
000946
000947
000948
000949
000950
000951
000952
000953
000954
000955
000956
000957
000958
000959
000960
000961
000962
000963
000964
000965
000966
000967
000968
000969
000970
000971
000972
000973
000974
000975
000976
000977
000978
000979
000980
000981
000982
000983
000984
000985
000986
000987
000988
000989
000990
000991
000992
000993
000994
000995
000996
000997
000998
000999
001000
001000
001100
001200
001300
001400
001500
001600
001700
001800
001900
002000
002000
002100
002200
002300
002400
002500
002600
002700
002800
002900
003000
003000
003100
003200
003300
003400
003500
003600
003700
003800
003900
004000
004000
004100
004200
004300
004400
004500
004600
004700
004800
004900
005000
005000
005100
005200
005300
005400
005500
005600
005700
005800
005900
006000
006000
006100
006200
006300
006400
006500
006600
006700
006800
006900
007000
007000
007100
007200
007300
007400
007500
007600
007700
007800
007900
008000
008000
008100
008200
008300
008400
008500
008600
008700
008800
008900
009000
009000
009100
009200
009300
009400
009500
009600
009700
009800
009900
010000
011000
012000
013000
014000
015000
016000
017000
018000
019000
020000
021000
022000
023000
024000
025000
026000
027000
028000
029000
030000
031000
032000
033000
034000
035000
036000
037000
038000
039000
040000
041000
042000
043000
044000
045000
046000
047000
048000
049000
050000
051000
052000
053000
054000
055000
056000
057000
058000
059000
060000
061000
062000
063000
064000
065000
066000
067000
068000
069000
070000
071000
072000
073000
074000
075000
076000
077000
078000
079000
080000
081000
082000
083000
084000
085000
086000
087000
088000
089000
090000
091000
092000
093000
094000
095000
096000
097000
098000
099000
100000
101000
102000
103000
104000
105000
106000
107000
108000
109000
110000
111000
112000
113000
114000
115000
116000
117000
118000
119000
120000
121000
122000
123000
124000
125000
126000
127000
128000
129000
130000
131000
132000
133000
134000
135000
136000
137000
138000
139000
140000
141000
142000
143000
144000
145000
146000
147000
148000
149000
150000
151000
152000
153000
154000
155000
156000
157000
158000
159000
160000
161000
162000
163000
164000
165000
166000
167000
168000
169000
170000
171000
172000
173000
174000
175000
176000
177000
178000
179000
180000
181000
182000
183000
184000
185000
186000
187000
188000
189000
190000
191000
192000
193000
194000
195000
196000
197000
198000
199000
200000
201000
202000
203000
204000
205000
206000
207000
208000
209000
210000
211000
212000
213000
214000
215000
216000
217000
218000
219000
220000
221000
222000
223000
224000
225000
226000
227000
228000
229000
230000
231000
232000
233000
234000
235000
236000
237000
238000
239000
240000
241000
242000
243000
244000
245000
246000
247000
248000
249000
250000
251000
252000
253000
254000
255000
256000
257000
258000
259000
260000
261000
262000
263000
264000
265000
266000
267000
268000
269000
270000
271000
272000
273000
274000
275000
276000
277000
278000
279000
280000
281000
282000
283000
284000
285000
286000
287000
288000
289000
290000
291000
292000
293000
294000
295000
296000
297000
298000
299000
300000
301000
302000
303000
304000
305000
306000
307000
308000
309000
310000
311000
312000
313000
314000
315000
316000
317000
318000
319000
320000
321000
322000
323000
324000
325000
326000
327000
328000
329000
330000
331000
332000
333000
333333
333335
333337
333353
333355
333357
333373
333375
333377
333533
333535
333537
333553
333555
333557
333573
333575
333577
333733
333735
333737
333753
333755
333757
333773
333775
333777
334000
335000
335333
335335
335337
335353
335355
335357
335373
335375
335377
335533
335535
335537
335553
335555
335557
335573
335575
335577
335733
335735
335737
335753
335755
335757
335773
335775
335777
336000
337000
337333
337335
337337
337353
337355
337357
337373
337375
337377
337533
337535
337537
337553
337555
337557
337573
337575
337577
337733
337735
337737
337753
337755
337757
337773
337775
337777
338000
339000
340000
341000
342000
343000
344000
345000
346000
347000
348000
349000
350000
351000
352000
353000
353333
353335
353337
353353
353355
353357
353373
353375
353377
353533
353535
353537
353553
353555
353557
353573
353575
353577
353733
353735
353737
353753
353755
353757
353773
353775
353777
354000
355000
355333
355335
355337
355353
355355
355357
355373
355375
355377
355533
355535
355537
355553
355555
355557
355573
355575
355577
355733
355735
355737
355753
355755
355757
355773
355775
355777
356000
357000
357333
357335
357337
357353
357355
357357
357373
357375
357377
357533
357535
357537
357553
357555
357557
357573
357575
357577
357733
357735
357737
357753
357755
357757
357773
357775
357777
358000
359000
360000
361000
362000
363000
364000
365000
366000
367000
368000
369000
370000
371000
372000
373000
373333
373335
373337
373353
373355
373357
373373
373375
373377
373533
373535
373537
373553
373555
373557
373573
373575
373577
373733
373735
373737
373753
373755
373757
373773
373775
373777
374000
375000
375333
375335
375337
375353
375355
375357
375373
375375
375377
375533
375535
375537
375553
375555
375557
375573
375575
375577
375733
375735
375737
375753
375755
375757
375773
375775
375777
376000
377000
377333
377335
377337
377353
377355
377357
377373
377375
377377
377533
377535
377537
377553
377555
377557
377573
377575
377577
377733
377735
377737
377753
377755
377757
377773
377775
377777
378000
379000
380000
381000
382000
383000
384000
385000
386000
387000
388000
389000
390000
391000
392000
393000
394000
395000
396000
397000
398000
399000
400000
401000
402000
403000
404000
405000
406000
407000
408000
409000
410000
411000
412000
413000
414000
415000
416000
417000
418000
419000
420000
421000
422000
423000
424000
425000
426000
427000
428000
429000
430000
431000
432000
433000
434000
435000
436000
437000
438000
439000
440000
441000
442000
443000
444000
445000
446000
447000
448000
449000
450000
451000
452000
453000
454000
455000
456000
457000
458000
459000
460000
461000
462000
463000
464000
465000
466000
467000
468000
469000
470000
471000
472000
473000
474000
475000
476000
477000
478000
479000
480000
481000
482000
483000
484000
485000
486000
487000
488000
489000
490000
491000
492000
493000
494000
495000
496000
497000
498000
499000
500000
501000
502000
503000
504000
505000
506000
507000
508000
509000
510000
511000
512000
513000
514000
515000
516000
517000
518000
519000
520000
521000
522000
523000
524000
525000
526000
527000
528000
529000
530000
531000
532000
533000
533333
533335
533337
533353
533355
533357
533373
533375
533377
533533
533535
533537
533553
533555
533557
533573
533575
533577
533733
533735
533737
533753
533755
533757
533773
533775
533777
534000
535000
535333
535335
535337
535353
535355
535357
535373
535375
535377
535533
535535
535537
535553
535555
535557
535573
535575
535577
535733
535735
535737
535753
535755
535757
535773
535775
535777
536000
537000
537333
537335
537337
537353
537355
537357
537373
537375
537377
537533
537535
537537
537553
537555
537557
537573
537575
537577
537733
537735
537737
537753
537755
537757
537773
537775
537777
538000
539000
540000
541000
542000
543000
544000
545000
546000
547000
548000
549000
550000
551000
552000
553000
553333
553335
553337
553353
553355
553357
553373
553375
553377
553533
553535
553537
553553
553555
553557
553573
553575
553577
553733
553735
553737
553753
553755
553757
553773
553775
553777
554000
555000
555333
555335
555337
555353
555355
555357
555373
555375
555377
555533
555535
555537
555553
555555
555557
555573
555575
555577
555733
555735
555737
555753
555755
555757
555773
555775
555777
556000
557000
557333
557335
557337
557353
557355
557357
557373
557375
557377
557533
557535
557537
557553
557555
557557
557573
557575
557577
557733
557735
557737
557753
557755
557757
557773
557775
557777
558000
559000
560000
561000
562000
563000
564000
565000
566000
567000
568000
569000
570000
571000
572000
573000
573333
573335
573337
573353
573355
573357
573373
573375
573377
573533
573535
573537
573553
573555
573557
573573
573575
573577
573733
573735
573737
573753
573755
573757
573773
573775
573777
574000
575000
575333
575335
575337
575353
575355
575357
575373
575375
575377
575533
575535
575537
575553
575555
575557
575573
575575
575577
575733
575735
575737
575753
575755
575757
575773
575775
575777
576000
577000
577333
577335
577337
577353
577355
577357
577373
577375
577377
577533
577535
577537
577553
577555
577557
577573
577575
577577
577733
577735
577737
577753
577755
577757
577773
577775
577777
578000
579000
580000
581000
582000
583000
584000
585000
586000
587000
588000
589000
590000
591000
592000
593000
594000
595000
596000
597000
598000
599000
600000
601000
602000
603000
604000
605000
606000
607000
608000
609000
610000
611000
612000
613000
614000
615000
616000
617000
618000
619000
620000
621000
622000
623000
624000
625000
626000
627000
628000
629000
630000
631000
632000
633000
634000
635000
636000
637000
638000
639000
640000
641000
642000
643000
644000
645000
646000
647000
648000
649000
650000
651000
652000
653000
654000
655000
656000
657000
658000
659000
660000
661000
662000
663000
664000
665000
666000
667000
668000
669000
670000
671000
672000
673000
674000
675000
676000
677000
678000
679000
680000
681000
682000
683000
684000
685000
686000
687000
688000
689000
690000
691000
692000
693000
694000
695000
696000
697000
698000
699000
700000
701000
702000
703000
704000
705000
706000
707000
708000
709000
710000
711000
712000
713000
714000
715000
716000
717000
718000
719000
720000
721000
722000
723000
724000
725000
726000
727000
728000
729000
730000
731000
732000
733000
733333
733335
733337
733353
733355
733357
733373
733375
733377
733533
733535
733537
733553
733555
733557
733573
733575
733577
733733
733735
733737
733753
733755
733757
733773
733775
733777
734000
735000
735333
735335
735337
735353
735355
735357
735373
735375
735377
735533
735535
735537
735553
735555
735557
735573
735575
735577
735733
735735
735737
735753
735755
735757
735773
735775
735777
736000
737000
737333
737335
737337
737353
737355
737357
737373
737375
737377
737533
737535
737537
737553
737555
737557
737573
737575
737577
737733
737735
737737
737753
737755
737757
737773
737775
737777
738000
739000
740000
741000
742000
743000
744000
745000
746000
747000
748000
749000
750000
751000
752000
753000
753333
753335
753337
753353
753355
753357
753373
753375
753377
753533
753535
753537
753553
753555
753557
753573
753575
753577
753733
753735
753737
753753
753755
753757
753773
753775
753777
754000
755000
755333
755335
755337
755353
755355
755357
755373
755375
755377
755533
755535
755537
755553
755555
755557
755573
755575
755577
755733
755735
755737
755753
755755
755757
755773
755775
755777
756000
757000
757333
757335
757337
757353
757355
757357
757373
757375
757377
757533
757535
757537
757553
757555
757557
757573
757575
757577
757733
757735
757737
757753
757755
757757
757773
757775
757777
758000
759000
760000
761000
762000
763000
764000
765000
766000
767000
768000
769000
770000
771000
772000
773000
773333
773335
773337
773353
773355
773357
773373
773375
773377
773533
773535
773537
773553
773555
773557
773573
773575
773577
773733
773735
773737
773753
773755
773757
773773
773775
773777
774000
775000
775333
775335
775337
775353
775355
775357
775373
775375
775377
775533
775535
775537
775553
775555
775557
775573
775575
775577
775733
775735
775737
775753
775755
775757
775773
775775
775777
776000
777000
777333
777335
777337
777353
777355
777357
777373
777375
777377
777533
777535
777537
777553
777555
777557
777573
777575
777577
777733
777735
777737
777753
777755
777757
777773
777775
777777
778000
779000
780000
781000
782000
783000
784000
785000
786000
787000
788000
789000
790000
791000
792000
793000
794000
795000
796000
797000
798000
799000
800000
801000
802000
803000
804000
805000
806000
807000
808000
809000
810000
811000
812000
813000
814000
815000
816000
817000
818000
819000
820000
821000
822000
823000
824000
825000
826000
827000
828000
829000
830000
831000
832000
833000
834000
835000
836000
837000
838000
839000
840000
841000
842000
843000
844000
845000
846000
847000
848000
849000
850000
851000
852000
853000
854000
855000
856000
857000
858000
859000
860000
861000
862000
863000
864000
865000
866000
867000
868000
869000
870000
871000
872000
873000
874000
875000
876000
877000
878000
879000
880000
881000
882000
883000
884000
885000
886000
887000
888000
889000
890000
891000
892000
893000
894000
895000
896000
897000
898000
899000
900000
901000
902000
903000
904000
905000
906000
907000
908000
909000
910000
911000
912000
913000
914000
915000
916000
917000
918000
919000
920000
921000
922000
923000
924000
925000
926000
927000
928000
929000
930000
931000
932000
933000
934000
935000
936000
937000
938000
939000
940000
941000
942000
943000
944000
945000
946000
947000
948000
949000
950000
951000
952000
953000
954000
955000
956000
957000
958000
959000
960000
961000
962000
963000
964000
965000
966000
967000
968000
969000
970000
971000
972000
973000
974000
975000
976000
977000
978000
979000
980000
981000
982000
983000
984000
985000
986000
987000
988000
989000
990000
991000
992000
993000
994000
995000
996000
997000
998000
999000
